#scale 10 13
1.006693 0.672006
0.910103 0.709950
0.705037 0.813118
0.607989 0.659805
0.584968 0.690757
0.730576 0.885613
0.796515 1.077283
0.800234 1.085671
0.862529 1.136416
0.825861 1.137988
1.022184 1.123600
1.105034 1.016336
1.096600 0.868285
0.848309 0.641067
0.722778 0.426198
0.659224 0.446538
0.509048 0.414074
0.369392 0.464116
0.391636 0.527285
0.492728 0.654490
0.603964 0.760089
0.780701 0.718434
0.657557 0.675247
0.892812 0.568411
0.635742 0.474830
0.518938 0.320991
0.392475 0.316135
0.431280 0.385791
0.419909 0.349046
0.334672 0.339369
0.297859 0.296413
0.224337 0.269244
0.277787 0.384891
0.448275 0.645916
0.511921 0.682250
0.608576 0.766079
0.558712 0.643935
0.547448 0.644647
1.020513 nan
0.861554 nan
0.804263 nan
